[gd_scene format=3 uid="uid://cwp2sqogkeen2"]

[ext_resource type="Script" uid="uid://t83j3dwjk2nq" path="res://Scenes/main.gd" id="1_jjgbg"]
[ext_resource type="PackedScene" uid="uid://vyinsluaq7wt" path="res://Scenes/player_castle.tscn" id="2_bo1nx"]
[ext_resource type="Script" uid="uid://bk2i6xjx6qbv" path="res://Scripts/enemy_spawner.gd" id="3_8gbba"]
[ext_resource type="Texture2D" uid="uid://bu5wqjqehahjp" path="res://Scenes/ground_test/omni-1a94ed20-49f4-4acb-90b1-7f459e338a83.png" id="3_21xkr"]
[ext_resource type="PackedScene" uid="uid://sqh0nqryvljn" path="res://zemlya.fbx" id="4_jjvhh"]
[ext_resource type="PackedScene" uid="uid://dxsyjx7tpjr24" path="res://forest.fbx" id="5_kry3j"]

[sub_resource type="Animation" id="Animation_jjvhh"]
resource_name = "RESET"
tracks/0/type = "position_3d"
tracks/0/imported = false
tracks/0/enabled = true
tracks/0/path = NodePath(".")
tracks/0/interp = 1
tracks/0/loop_wrap = true
tracks/0/keys = PackedFloat32Array()
tracks/1/type = "value"
tracks/1/imported = false
tracks/1/enabled = true
tracks/1/path = NodePath(".:position")
tracks/1/interp = 1
tracks/1/loop_wrap = true
tracks/1/keys = {
"times": PackedFloat32Array(0),
"transitions": PackedFloat32Array(1),
"update": 0,
"values": [Vector3(0, 24.709938, 18.491655)]
}

[sub_resource type="Animation" id="Animation_kry3j"]
resource_name = "stage_1"
tracks/0/type = "position_3d"
tracks/0/imported = false
tracks/0/enabled = false
tracks/0/path = NodePath(".")
tracks/0/interp = 1
tracks/0/loop_wrap = true
tracks/0/keys = PackedFloat32Array()
tracks/1/type = "value"
tracks/1/imported = false
tracks/1/enabled = true
tracks/1/path = NodePath(".:position")
tracks/1/interp = 1
tracks/1/loop_wrap = true
tracks/1/keys = {
"times": PackedFloat32Array(0, 1),
"transitions": PackedFloat32Array(1, 1),
"update": 0,
"values": [Vector3(0, 24.709938, 18.491655), Vector3(0, 33.626736, 26.725641)]
}

[sub_resource type="Animation" id="Animation_21xkr"]
resource_name = "stage_2"

[sub_resource type="AnimationLibrary" id="AnimationLibrary_6bp64"]
_data = {
&"RESET": SubResource("Animation_jjvhh"),
&"stage_1": SubResource("Animation_kry3j"),
&"stage_2": SubResource("Animation_21xkr")
}

[sub_resource type="ProceduralSkyMaterial" id="ProceduralSkyMaterial_kry3j"]
sky_top_color = Color(0.8315283, 0.14515746, 0.26581216, 1)
sky_horizon_color = Color(0.91459006, 0.51814747, 0.6067461, 1)
ground_bottom_color = Color(0.2273047, 0.43568444, 0.6668958, 1)
ground_horizon_color = Color(0.20209321, 0.7898799, 0.8151484, 1)

[sub_resource type="Sky" id="Sky_21xkr"]
sky_material = SubResource("ProceduralSkyMaterial_kry3j")

[sub_resource type="Environment" id="Environment_7u77a"]
background_mode = 2
background_energy_multiplier = 1.13
sky = SubResource("Sky_21xkr")
reflected_light_source = 1
tonemap_exposure = 1.2
glow_enabled = true
glow_normalized = true
glow_strength = 1.23
fog_enabled = true
fog_mode = 1
fog_light_color = Color(1, 1, 1, 1)
fog_density = 1.0
fog_aerial_perspective = 1.0
fog_depth_curve = 0.36602095
fog_depth_begin = 16.4
fog_depth_end = 213.1
volumetric_fog_enabled = true
volumetric_fog_density = 0.01
volumetric_fog_albedo = Color(0.7209635, 0.5955704, 0.49215645, 1)
volumetric_fog_emission_energy = 0.0
volumetric_fog_anisotropy = -0.22

[sub_resource type="CameraAttributesPractical" id="CameraAttributesPractical_jjgbg"]

[sub_resource type="StandardMaterial3D" id="StandardMaterial3D_6bp64"]
albedo_texture = ExtResource("3_21xkr")
uv1_triplanar = true

[sub_resource type="NavigationMesh" id="NavigationMesh_8gbba"]
vertices = PackedVector3Array(-337.5319, 0.5, -436.38885, -337.5319, 0.5, 436.36115, 337.4681, 0.5, 436.36115, 337.4681, 0.5, -436.38885)
polygons = [PackedInt32Array(3, 2, 0), PackedInt32Array(0, 2, 1)]

[sub_resource type="WorldBoundaryShape3D" id="WorldBoundaryShape3D_8gbba"]

[sub_resource type="PlaneMesh" id="PlaneMesh_jjvhh"]

[sub_resource type="StandardMaterial3D" id="StandardMaterial3D_344ge"]
albedo_color = Color(0.7607843, 1, 1, 1)
albedo_texture = ExtResource("3_21xkr")
uv1_triplanar = true

[node name="Main" type="Node3D" unique_id=1424662665]
script = ExtResource("1_jjgbg")

[node name="Camera3D" type="Camera3D" parent="." unique_id=1375282108]
transform = Transform3D(0.7071068, -0.6199216, 0.34014294, 0, 0.4810348, 0.87670153, -0.7071068, -0.6199216, 0.34014294, 0, 24.709938, 18.491655)
fov = 75.4

[node name="AnimationPlayer" type="AnimationPlayer" parent="Camera3D" unique_id=1466118747]
libraries/ = SubResource("AnimationLibrary_6bp64")

[node name="WorldEnvironment" type="WorldEnvironment" parent="." unique_id=765643644]
environment = SubResource("Environment_7u77a")
camera_attributes = SubResource("CameraAttributesPractical_jjgbg")

[node name="SpotLight3D" type="SpotLight3D" parent="WorldEnvironment" unique_id=917256092]
transform = Transform3D(1, 0, 0, 0, -0.04311371, 0.99907017, 0, -0.99907017, -0.04311371, -0.4482317, 39.331535, -1.7630911)
light_energy = 15.0
light_indirect_energy = 4.976
light_volumetric_fog_energy = 20.0
light_specular = 6.106
shadow_bias = 0.0
shadow_normal_bias = 1.354
spot_range = 70.48621
spot_angle = 37.763054

[node name="SpotLight3D2" type="SpotLight3D" parent="WorldEnvironment" unique_id=739398497]
transform = Transform3D(1, 0, 0, 0, -0.04311371, 0.99907017, 0, -0.99907017, -0.04311371, -0.4482317, 39.331535, -1.7630911)
light_energy = 12.733
light_volumetric_fog_energy = 0.0
light_specular = 5.287
shadow_bias = 0.0
shadow_normal_bias = 1.354
spot_range = 70.48621
spot_angle = 37.763054

[node name="DirectionalLight3D" type="DirectionalLight3D" parent="WorldEnvironment" unique_id=1919442384]
transform = Transform3D(-0.45709786, -0.5561011, 0.6941276, 0, 0.78043044, 0.62524265, -0.8894164, 0.2857971, -0.35673308, 0, 170.908, 0.242)
light_color = Color(0.90287703, 0.7230181, 0.43383265, 1)
light_energy = 0.567
light_volumetric_fog_energy = 0.5
shadow_enabled = true
shadow_blur = 0.2

[node name="PlayerCastle" parent="." unique_id=1418699478 instance=ExtResource("2_bo1nx")]

[node name="stage_1" parent="PlayerCastle" index="4" unique_id=1905799440]
visible = true

[node name="stage_3" parent="PlayerCastle" index="6" unique_id=1912996612]
visible = false

[node name="ground" parent="PlayerCastle/zemlya_anim" parent_id_path=PackedInt32Array(1418699478, 285873050) index="0" unique_id=776719644]
material_override = SubResource("StandardMaterial3D_6bp64")

[node name="EdgeSpawner" type="Node" parent="." unique_id=572140672]
script = ExtResource("3_8gbba")
metadata/_custom_type_script = "uid://bk2i6xjx6qbv"

[node name="NavigationRegion3D" type="NavigationRegion3D" parent="." unique_id=1699274548]
transform = Transform3D(1, 0, 0, 0, 1, 0, 0, 0, 1, -0.342906, -0.39809084, -0.13453817)
navigation_mesh = SubResource("NavigationMesh_8gbba")

[node name="StaticBody3D" type="StaticBody3D" parent="NavigationRegion3D" unique_id=2053294243]

[node name="CollisionShape3D" type="CollisionShape3D" parent="NavigationRegion3D/StaticBody3D" unique_id=1322155190]
shape = SubResource("WorldBoundaryShape3D_8gbba")
debug_color = Color(0.73059726, 0.39120156, 0.69431114, 0.41960785)

[node name="MeshInstance3D" type="MeshInstance3D" parent="NavigationRegion3D/StaticBody3D" unique_id=734291081]
transform = Transform3D(338.0319, 0, 0, 0, 0.9999994, 0, 0, 0, 436.88885, 0, 0, 0)
visible = false
mesh = SubResource("PlaneMesh_jjvhh")

[node name="zemlya" parent="." unique_id=903034683 instance=ExtResource("4_jjvhh")]

[node name="Cube_001" parent="zemlya" index="0" unique_id=788620808]
material_override = SubResource("StandardMaterial3D_344ge")

[node name="forest" parent="." unique_id=1084070509 instance=ExtResource("5_kry3j")]
transform = Transform3D(-0.92418647, 0, 0.3819415, 0, 1, 0, -0.3819415, 0, -0.92418647, -45.60851, 0.21799445, -50.893932)

[node name="forest2" parent="." unique_id=102151175 instance=ExtResource("5_kry3j")]
transform = Transform3D(0.8945839, 0, 0.4469009, 0, 1, 0, -0.4469009, 0, 0.8945839, -42.07517, 0.4359889, 40.50472)

[node name="forest6" parent="." unique_id=960878405 instance=ExtResource("5_kry3j")]
transform = Transform3D(0.90559924, 0, -0.4241362, 0, 1, 0, 0.4241362, 0, 0.90559924, 10.733311, 0.8719778, 61.987957)

[node name="forest5" parent="." unique_id=736701923 instance=ExtResource("5_kry3j")]
transform = Transform3D(-0.28988382, 0, -0.9570632, 0, 1, 0, 0.9570632, 0, -0.28988382, 57.809483, 1.3079667, 16.759682)

[node name="forest4" parent="." unique_id=770656622 instance=ExtResource("5_kry3j")]
transform = Transform3D(-0.9887426, 0, 0.14963876, 0, 1, 0, -0.14963876, 0, -0.9887426, 109.32132, 1.7439556, 56.863274)

[node name="forest3" parent="." unique_id=1659073288 instance=ExtResource("5_kry3j")]
transform = Transform3D(0.6008814, 0, -0.79933906, 0, 1, 0, 0.79933906, 0, 0.6008814, -88.72453, 0.65398335, -2.5244331)

[editable path="PlayerCastle"]
[editable path="PlayerCastle/charch_anim"]
[editable path="PlayerCastle/stage_1"]
[editable path="PlayerCastle/zemlya_anim"]
[editable path="zemlya"]
