[gd_scene format=3 uid="uid://cwp2sqogkeen2"]

[ext_resource type="Script" uid="uid://t83j3dwjk2nq" path="res://Scenes/main.gd" id="1_jjgbg"]
[ext_resource type="PackedScene" uid="uid://vyinsluaq7wt" path="res://Scenes/player_castle.tscn" id="2_bo1nx"]
[ext_resource type="Script" uid="uid://bk2i6xjx6qbv" path="res://Scripts/enemy_spawner.gd" id="3_8gbba"]
[ext_resource type="PackedScene" uid="uid://sqh0nqryvljn" path="res://zemlya.fbx" id="4_jjvhh"]
[ext_resource type="AudioStream" uid="uid://dwvhf6ocg16di" path="res://FULL_AUDIO_MUSIC_SOUNDS.wav" id="5_kry3j"]
[ext_resource type="PackedScene" uid="uid://dxsyjx7tpjr24" path="res://forest.fbx" id="5_kry3j"]
[ext_resource type="PackedScene" uid="uid://cumigsaahbmeg" path="res://Scenes/hud.tscn" id="6_21xkr"]

[sub_resource type="Animation" id="Animation_jjvhh"]
resource_name = "RESET"
tracks/0/type = "value"
tracks/0/imported = false
tracks/0/enabled = true
tracks/0/path = NodePath(".:position")
tracks/0/interp = 1
tracks/0/loop_wrap = true
tracks/0/keys = {
"times": PackedFloat32Array(0, 1),
"transitions": PackedFloat32Array(1, 1),
"update": 0,
"values": [Vector3(22.912882, 47.44066, 22.643925), Vector3(22.912882, 47.44066, 22.643925)]
}
tracks/1/type = "value"
tracks/1/imported = false
tracks/1/enabled = true
tracks/1/path = NodePath("../Camera3D2:position")
tracks/1/interp = 1
tracks/1/loop_wrap = true
tracks/1/keys = {
"times": PackedFloat32Array(0),
"transitions": PackedFloat32Array(1),
"update": 0,
"values": [Vector3(-30.848436, 0.7219097, 25.87849)]
}
tracks/2/type = "value"
tracks/2/imported = false
tracks/2/enabled = true
tracks/2/path = NodePath("../Camera3D2:rotation")
tracks/2/interp = 1
tracks/2/loop_wrap = true
tracks/2/keys = {
"times": PackedFloat32Array(0),
"transitions": PackedFloat32Array(1),
"update": 0,
"values": [Vector3(0.18851301, 0.7491127, 7.584956e-09)]
}

[sub_resource type="Animation" id="Animation_6bp64"]
resource_name = "intro_animation"
length = 3.0
tracks/0/type = "value"
tracks/0/imported = false
tracks/0/enabled = true
tracks/0/path = NodePath("../Camera3D2:position")
tracks/0/interp = 1
tracks/0/loop_wrap = true
tracks/0/keys = {
"times": PackedFloat32Array(0, 3),
"transitions": PackedFloat32Array(6.062863, 1),
"update": 0,
"values": [Vector3(-21.43959, 3.1499197, 26.9959), Vector3(-30.848436, 0.7219097, 25.87849)]
}
tracks/1/type = "value"
tracks/1/imported = false
tracks/1/enabled = true
tracks/1/path = NodePath("../Camera3D2:rotation")
tracks/1/interp = 1
tracks/1/loop_wrap = true
tracks/1/keys = {
"times": PackedFloat32Array(0.00999999, 3),
"transitions": PackedFloat32Array(2.1435473, 1),
"update": 0,
"values": [Vector3(0.18851303, -0.67715293, 1.7915504e-08), Vector3(0.18851301, 0.7491127, 7.584956e-09)]
}

[sub_resource type="Animation" id="Animation_kry3j"]
resource_name = "stage_1"
tracks/0/type = "value"
tracks/0/imported = false
tracks/0/enabled = true
tracks/0/path = NodePath(".:position")
tracks/0/interp = 1
tracks/0/loop_wrap = true
tracks/0/keys = {
"times": PackedFloat32Array(0, 1),
"transitions": PackedFloat32Array(1, 1),
"update": 0,
"values": [Vector3(19.065844, 33.991035, 19.13465), Vector3(20.931519, 42.33379, 20.662561)]
}

[sub_resource type="Animation" id="Animation_21xkr"]
resource_name = "stage_2"
tracks/0/type = "value"
tracks/0/imported = false
tracks/0/enabled = true
tracks/0/path = NodePath(".:position")
tracks/0/interp = 1
tracks/0/loop_wrap = true
tracks/0/keys = {
"times": PackedFloat32Array(0, 1),
"transitions": PackedFloat32Array(1, 1),
"update": 0,
"values": [Vector3(22.912882, 47.44066, 22.643925), Vector3(22.912882, 47.44066, 22.643925)]
}

[sub_resource type="AnimationLibrary" id="AnimationLibrary_6bp64"]
_data = {
&"RESET": SubResource("Animation_jjvhh"),
&"intro_animation": SubResource("Animation_6bp64"),
&"stage_1": SubResource("Animation_kry3j"),
&"stage_2": SubResource("Animation_21xkr")
}

[sub_resource type="Environment" id="Environment_7u77a"]
ambient_light_energy = 2.96
fog_enabled = true
fog_light_energy = 1.98
fog_density = 0.0
volumetric_fog_enabled = true
volumetric_fog_density = 0.0
volumetric_fog_emission_energy = 0.0
volumetric_fog_temporal_reprojection_amount = 0.955

[sub_resource type="CameraAttributesPractical" id="CameraAttributesPractical_jjgbg"]

[sub_resource type="Compositor" id="Compositor_bo1nx"]

[sub_resource type="NavigationMesh" id="NavigationMesh_8gbba"]
vertices = PackedVector3Array(-337.5319, 0.5, -436.38885, -337.5319, 0.5, 436.36115, 337.4681, 0.5, 436.36115, 337.4681, 0.5, -436.38885)
polygons = [PackedInt32Array(3, 2, 0), PackedInt32Array(0, 2, 1)]

[sub_resource type="WorldBoundaryShape3D" id="WorldBoundaryShape3D_8gbba"]

[sub_resource type="PlaneMesh" id="PlaneMesh_jjvhh"]

[node name="Main" type="Node3D" unique_id=1424662665]
script = ExtResource("1_jjgbg")

[node name="Camera3D2" type="Camera3D" parent="." unique_id=827884670]
transform = Transform3D(0.73229325, 0.12761635, 0.66892487, 7.4505793e-09, 0.982284, -0.18739846, -0.68098915, 0.13723065, 0.71932006, -30.848436, 0.7219097, 25.87849)
visible = false
fov = 31.5

[node name="Camera3D" type="Camera3D" parent="." unique_id=1375282108]
transform = Transform3D(0.7071068, -0.6199216, 0.34014294, 0, 0.4810348, 0.87670153, -0.7071068, -0.6199216, 0.34014294, 22.912882, 47.44066, 22.643925)
fov = 70.0

[node name="AnimationPlayer" type="AnimationPlayer" parent="Camera3D" unique_id=1466118747]
active = false
libraries/ = SubResource("AnimationLibrary_6bp64")

[node name="WorldEnvironment" type="WorldEnvironment" parent="." unique_id=765643644]
environment = SubResource("Environment_7u77a")
camera_attributes = SubResource("CameraAttributesPractical_jjgbg")
compositor = SubResource("Compositor_bo1nx")

[node name="DirectionalLight3D" type="DirectionalLight3D" parent="." unique_id=1919442384]
transform = Transform3D(-0.45709786, -0.5561011, 0.6941276, 0, 0.78043044, 0.62524265, -0.8894164, 0.2857971, -0.35673308, 0, 170.908, 0.242)
light_color = Color(0.9044699, 0.6567547, 0.45294923, 1)
light_energy = 1.5
light_angular_distance = 3.07
shadow_enabled = true
shadow_blur = 0.2

[node name="PlayerCastle" parent="." unique_id=1418699478 instance=ExtResource("2_bo1nx")]

[node name="EdgeSpawner" type="Node" parent="." unique_id=572140672]
script = ExtResource("3_8gbba")
spawn_burst_size = null
civ_spawn_burst_size = null
max_enemies_total = null
spawn_interval = null
civ_spawn_interval = null
time_between_waves = null
wave_start_delay = null
warmup_enemies_base = null
warmup_enemies_scaling = null
battle_enemies_base = null
battle_enemies_scaling = null
break_enemies_base = null
break_enemies_scaling = null
civilians_per_wave_base = null
civilians_per_wave_scaling = null
boss_wave_interval = null
metadata/_custom_type_script = "uid://bk2i6xjx6qbv"

[node name="NavigationRegion3D" type="NavigationRegion3D" parent="." unique_id=1699274548]
transform = Transform3D(1, 0, 0, 0, 1, 0, 0, 0, 1, 0.3360138, -0.5, 0)
navigation_mesh = SubResource("NavigationMesh_8gbba")

[node name="StaticBody3D" type="StaticBody3D" parent="NavigationRegion3D" unique_id=2053294243]

[node name="CollisionShape3D" type="CollisionShape3D" parent="NavigationRegion3D/StaticBody3D" unique_id=1322155190]
shape = SubResource("WorldBoundaryShape3D_8gbba")
debug_color = Color(0.73059726, 0.39120156, 0.69431114, 0.41960785)

[node name="MeshInstance3D" type="MeshInstance3D" parent="NavigationRegion3D/StaticBody3D" unique_id=734291081]
transform = Transform3D(338.0319, 0, 0, 0, 0.9999994, 0, 0, 0, 436.88885, 0, 0, 0)
visible = false
mesh = SubResource("PlaneMesh_jjvhh")

[node name="zemlya" parent="." unique_id=903034683 instance=ExtResource("4_jjvhh")]

[node name="AudioStreamPlayer" type="AudioStreamPlayer" parent="." unique_id=390036198]
stream = ExtResource("5_kry3j")
autoplay = true
[node name="forest" parent="." unique_id=1084070509 instance=ExtResource("5_kry3j")]
transform = Transform3D(-0.92418647, 0, 0.3819415, 0, 1, 0, -0.3819415, 0, -0.92418647, -45.60851, 0.21799445, -50.893932)

[node name="forest2" parent="." unique_id=102151175 instance=ExtResource("5_kry3j")]
transform = Transform3D(0.9999515, 0, 0.00989607, 0, 1, 0, -0.00989607, 0, 0.9999515, -28.98228, 0.021499157, 73.16376)

[node name="forest3" parent="." unique_id=1760353065 instance=ExtResource("5_kry3j")]
transform = Transform3D(-0.5659748, 0, -0.8244236, 0, 1, 0, 0.8244236, 0, -0.5659748, -84.12009, 0.042998314, -2.578556)

[node name="forest3" parent="forest3" unique_id=783709425 instance=ExtResource("5_kry3j")]
transform = Transform3D(-0.5659748, 0, -0.8244236, 0, 1, 0, 0.8244236, 0, -0.5659748, 20.805878, 0.042998314, -37.64625)

[node name="forest6" parent="." unique_id=960878405 instance=ExtResource("5_kry3j")]
transform = Transform3D(0.64181185, 0, -0.7668631, 0, 1, 0, 0.7668631, 0, 0.64181185, 25.181808, 0.054973602, 53.587666)

[node name="forest5" parent="." unique_id=736701923 instance=ExtResource("5_kry3j")]
transform = Transform3D(-0.050575197, 0, -0.9987216, 0, 1, 0, 0.9987216, 0, -0.050575197, 63.275253, 0.005856037, -14.556704)

[node name="forest7" parent="." unique_id=175073243 instance=ExtResource("5_kry3j")]
transform = Transform3D(-0.99189156, 0, 0.12711641, 0, 1, 0, -0.12711641, 0, -0.99189156, -4.8351374, -0.050220013, -93.16995)

[node name="forest4" parent="." unique_id=770656622 instance=ExtResource("5_kry3j")]
transform = Transform3D(0.117121965, 0, -0.9931194, 0, 1, 0, 0.9931194, 0, 0.117121965, 42.067215, -0.025110006, -65.31874)

[node name="HUD" parent="." unique_id=2135123236 instance=ExtResource("6_21xkr")]

[editable path="zemlya"]
