[gd_scene format=3 uid="uid://cwp2sqogkeen2"]

[ext_resource type="Script" uid="uid://t83j3dwjk2nq" path="res://Scenes/main.gd" id="1_jjgbg"]
[ext_resource type="PackedScene" uid="uid://vyinsluaq7wt" path="res://Scenes/player_castle.tscn" id="2_bo1nx"]
[ext_resource type="Script" uid="uid://bk2i6xjx6qbv" path="res://Scripts/enemy_spawner.gd" id="3_8gbba"]
[ext_resource type="PackedScene" uid="uid://sqh0nqryvljn" path="res://zemlya.fbx" id="4_jjvhh"]
[ext_resource type="AudioStream" uid="uid://dwvhf6ocg16di" path="res://FULL_AUDIO_MUSIC_SOUNDS.wav" id="5_kry3j"]
[ext_resource type="PackedScene" uid="uid://dxsyjx7tpjr24" path="res://forest.fbx" id="5_kry3j"]

[sub_resource type="Animation" id="Animation_jjvhh"]
resource_name = "RESET"
tracks/0/type = "position_3d"
tracks/0/imported = false
tracks/0/enabled = true
tracks/0/path = NodePath(".")
tracks/0/interp = 1
tracks/0/loop_wrap = true
tracks/0/keys = PackedFloat32Array()
tracks/1/type = "value"
tracks/1/imported = false
tracks/1/enabled = true
tracks/1/path = NodePath(".:position")
tracks/1/interp = 1
tracks/1/loop_wrap = true
tracks/1/keys = {
"times": PackedFloat32Array(0),
"transitions": PackedFloat32Array(1),
"update": 0,
"values": [Vector3(0, 24.709938, 18.491655)]
}

[sub_resource type="Animation" id="Animation_kry3j"]
resource_name = "stage_1"
tracks/0/type = "position_3d"
tracks/0/imported = false
tracks/0/enabled = false
tracks/0/path = NodePath(".")
tracks/0/interp = 1
tracks/0/loop_wrap = true
tracks/0/keys = PackedFloat32Array()
tracks/1/type = "value"
tracks/1/imported = false
tracks/1/enabled = true
tracks/1/path = NodePath(".:position")
tracks/1/interp = 1
tracks/1/loop_wrap = true
tracks/1/keys = {
"times": PackedFloat32Array(0, 1),
"transitions": PackedFloat32Array(1, 1),
"update": 0,
"values": [Vector3(0, 24.709938, 18.491655), Vector3(0, 33.626736, 26.725641)]
}

[sub_resource type="Animation" id="Animation_21xkr"]
resource_name = "stage_2"

[sub_resource type="AnimationLibrary" id="AnimationLibrary_6bp64"]
_data = {
&"RESET": SubResource("Animation_jjvhh"),
&"stage_1": SubResource("Animation_kry3j"),
&"stage_2": SubResource("Animation_21xkr")
}

[sub_resource type="Environment" id="Environment_7u77a"]
ambient_light_energy = 2.96
fog_enabled = true
fog_light_energy = 1.98
fog_density = 0.0
volumetric_fog_enabled = true
volumetric_fog_density = 0.0
volumetric_fog_emission_energy = 0.0
volumetric_fog_temporal_reprojection_amount = 0.955

[sub_resource type="CameraAttributesPractical" id="CameraAttributesPractical_jjgbg"]

[sub_resource type="Compositor" id="Compositor_bo1nx"]

[sub_resource type="NavigationMesh" id="NavigationMesh_8gbba"]
vertices = PackedVector3Array(-337.5319, 0.5, -436.38885, -337.5319, 0.5, 436.36115, 337.4681, 0.5, 436.36115, 337.4681, 0.5, -436.38885)
polygons = [PackedInt32Array(3, 2, 0), PackedInt32Array(0, 2, 1)]

[sub_resource type="WorldBoundaryShape3D" id="WorldBoundaryShape3D_8gbba"]

[sub_resource type="PlaneMesh" id="PlaneMesh_jjvhh"]

[node name="Main" type="Node3D" unique_id=1424662665]
script = ExtResource("1_jjgbg")

[node name="Camera3D" type="Camera3D" parent="." unique_id=1375282108]
transform = Transform3D(0.7071068, -0.6199216, 0.34014294, 0, 0.4810348, 0.87670153, -0.7071068, -0.6199216, 0.34014294, 24.102432, 89.91454, 51.231003)
fov = 75.4

[node name="AnimationPlayer" type="AnimationPlayer" parent="Camera3D" unique_id=1466118747]
active = false
libraries/ = SubResource("AnimationLibrary_6bp64")

[node name="WorldEnvironment" type="WorldEnvironment" parent="." unique_id=765643644]
environment = SubResource("Environment_7u77a")
camera_attributes = SubResource("CameraAttributesPractical_jjgbg")
compositor = SubResource("Compositor_bo1nx")

[node name="DirectionalLight3D" type="DirectionalLight3D" parent="." unique_id=1919442384]
transform = Transform3D(-0.45709786, -0.5561011, 0.6941276, 0, 0.78043044, 0.62524265, -0.8894164, 0.2857971, -0.35673308, 0, 170.908, 0.242)
light_color = Color(0.9044699, 0.6567547, 0.45294923, 1)
light_energy = 1.5
light_angular_distance = 3.07
shadow_enabled = true
shadow_blur = 0.2

[node name="PlayerCastle" parent="." unique_id=1418699478 instance=ExtResource("2_bo1nx")]

[node name="EdgeSpawner" type="Node" parent="." unique_id=572140672]
script = ExtResource("3_8gbba")
metadata/_custom_type_script = "uid://bk2i6xjx6qbv"

[node name="NavigationRegion3D" type="NavigationRegion3D" parent="." unique_id=1699274548]
transform = Transform3D(1, 0, 0, 0, 1, 0, 0, 0, 1, -0.30717278, -0.42106962, -0.1211071)
navigation_mesh = SubResource("NavigationMesh_8gbba")

[node name="StaticBody3D" type="StaticBody3D" parent="NavigationRegion3D" unique_id=2053294243]

[node name="CollisionShape3D" type="CollisionShape3D" parent="NavigationRegion3D/StaticBody3D" unique_id=1322155190]
shape = SubResource("WorldBoundaryShape3D_8gbba")
debug_color = Color(0.73059726, 0.39120156, 0.69431114, 0.41960785)

[node name="MeshInstance3D" type="MeshInstance3D" parent="NavigationRegion3D/StaticBody3D" unique_id=734291081]
transform = Transform3D(338.0319, 0, 0, 0, 0.9999994, 0, 0, 0, 436.88885, 0, 0, 0)
visible = false
mesh = SubResource("PlaneMesh_jjvhh")

[node name="zemlya" parent="." unique_id=903034683 instance=ExtResource("4_jjvhh")]

[node name="AudioStreamPlayer" type="AudioStreamPlayer" parent="." unique_id=390036198]
stream = ExtResource("5_kry3j")
autoplay = true
[node name="forest" parent="." unique_id=1084070509 instance=ExtResource("5_kry3j")]
transform = Transform3D(-0.92418647, 0, 0.3819415, 0, 1, 0, -0.3819415, 0, -0.92418647, -45.60851, 0.21799445, -50.893932)

[node name="forest2" parent="." unique_id=102151175 instance=ExtResource("5_kry3j")]
transform = Transform3D(0.8945839, 0, 0.4469009, 0, 1, 0, -0.4469009, 0, 0.8945839, -42.07517, 0.4359889, 40.50472)

[node name="forest6" parent="." unique_id=960878405 instance=ExtResource("5_kry3j")]
transform = Transform3D(0.90559924, 0, -0.4241362, 0, 1, 0, 0.4241362, 0, 0.90559924, 10.733311, 0.8719778, 61.987957)

[node name="forest5" parent="." unique_id=736701923 instance=ExtResource("5_kry3j")]
transform = Transform3D(-0.28988382, 0, -0.9570632, 0, 1, 0, 0.9570632, 0, -0.28988382, 57.809483, 1.3079667, 16.759682)

[node name="forest4" parent="." unique_id=770656622 instance=ExtResource("5_kry3j")]
transform = Transform3D(-0.9887426, 0, 0.14963876, 0, 1, 0, -0.14963876, 0, -0.9887426, 109.32132, 1.7439556, 56.863274)

[node name="forest3" parent="." unique_id=1659073288 instance=ExtResource("5_kry3j")]
transform = Transform3D(0.6008814, 0, -0.79933906, 0, 1, 0, 0.79933906, 0, 0.6008814, -88.72453, 0.65398335, -2.5244331)

[editable path="zemlya"]
